% Auto-generated by ISI Results Evidence Pack. Do not edit.
\begin{tabular}{lrrrrrr}
\toprule
  & \textbf{A1 Fin.} & \textbf{A2 Energy} & \textbf{A3 Tech.} & \textbf{A4 Def.} & \textbf{A5 Crit.Inp.} & \textbf{A6 Logist.} \\
\midrule
\textbf{A1 Fin.} & 1.0000 & 0.0624 & 0.0757 & 0.0236 & 0.2176 & -0.1636 \\
\textbf{A2 Energy} & 0.0624 & 1.0000 & 0.5299 & -0.1752 & 0.3720 & 0.1117 \\
\textbf{A3 Tech.} & 0.0757 & 0.5299 & 1.0000 & -0.2218 & 0.0966 & 0.0684 \\
\textbf{A4 Def.} & 0.0236 & -0.1752 & -0.2218 & 1.0000 & 0.1910 & 0.2862 \\
\textbf{A5 Crit.Inp.} & 0.2176 & 0.3720 & 0.0966 & 0.1910 & 1.0000 & 0.5485 \\
\textbf{A6 Logist.} & -0.1636 & 0.1117 & 0.0684 & 0.2862 & 0.5485 & 1.0000 \\
\bottomrule
\end{tabular}
