{
  "axes": [
    "financial",
    "energy",
    "technology",
    "defense",
    "critical_inputs",
    "logistics"
  ],
  "matrix": [
    [
      1.0000000000000002,
      0.06239251241742406,
      0.07565302526931207,
      0.023595587191437267,
      0.21756028976114505,
      -0.16364910303217003
    ],
    [
      0.06239251241742406,
      0.9999999999999998,
      0.5298579342408711,
      -0.17521946757370246,
      0.37202618445626556,
      0.11168764268216315
    ],
    [
      0.07565302526931207,
      0.5298579342408711,
      1.0,
      -0.22184662387145468,
      0.09655485739716846,
      0.06836089984195406
    ],
    [
      0.023595587191437267,
      -0.17521946757370246,
      -0.22184662387145468,
      1.0,
      0.19102463787732243,
      0.28619043886574314
    ],
    [
      0.21756028976114505,
      0.37202618445626556,
      0.09655485739716846,
      0.19102463787732243,
      0.9999999999999999,
      0.5485033093411928
    ],
    [
      -0.16364910303217003,
      0.11168764268216315,
      0.06836089984195406,
      0.28619043886574314,
      0.5485033093411928,
      1.0000000000000002
    ]
  ],
  "pairs": [
    {
      "axis_a": "critical_inputs",
      "axis_b": "logistics",
      "r": 0.5485033093411928
    },
    {
      "axis_a": "energy",
      "axis_b": "technology",
      "r": 0.5298579342408711
    },
    {
      "axis_a": "energy",
      "axis_b": "critical_inputs",
      "r": 0.37202618445626556
    },
    {
      "axis_a": "defense",
      "axis_b": "logistics",
      "r": 0.28619043886574314
    },
    {
      "axis_a": "technology",
      "axis_b": "defense",
      "r": -0.22184662387145468
    },
    {
      "axis_a": "financial",
      "axis_b": "critical_inputs",
      "r": 0.21756028976114505
    },
    {
      "axis_a": "defense",
      "axis_b": "critical_inputs",
      "r": 0.19102463787732243
    },
    {
      "axis_a": "energy",
      "axis_b": "defense",
      "r": -0.17521946757370246
    },
    {
      "axis_a": "financial",
      "axis_b": "logistics",
      "r": -0.16364910303217003
    },
    {
      "axis_a": "energy",
      "axis_b": "logistics",
      "r": 0.11168764268216315
    },
    {
      "axis_a": "technology",
      "axis_b": "critical_inputs",
      "r": 0.09655485739716846
    },
    {
      "axis_a": "financial",
      "axis_b": "technology",
      "r": 0.07565302526931207
    },
    {
      "axis_a": "technology",
      "axis_b": "logistics",
      "r": 0.06836089984195406
    },
    {
      "axis_a": "financial",
      "axis_b": "energy",
      "r": 0.06239251241742406
    },
    {
      "axis_a": "financial",
      "axis_b": "defense",
      "r": 0.023595587191437267
    }
  ]
}
